2,52,72,70,1,3,71,69,4,2,74,76,3,5,73,75,6,4,80,78,5,7,79,77,8,6,82,84
7,9,81,83,10,8,100,106,9,11,271,269,12,10,270,272,11,13,269,271,14,12,266
268,13,15,265,267,16,14,108,98,15,17,163,55,18,16,114,116,17,19,113,115
20,18,120,118,19,21,119,117,22,20,122,124,21,23,121,123,24,22,128,126,23
25,127,125,26,24,152,142,25,27,251,187,28,26,202,204,27,29,201,203,30,28
208,206,29,31,207,205,32,30,210,212,31,33,209,211,34,32,216,214,33,35,215
213,36,34,240,230,35,37,263,261,38,36,262,264,37,39,261,263,40,38,258,260
39,41,257,259,42,40,232,238,41,43,185,249,44,42,182,184,43,45,181,183,46
44,178,180,45,47,177,179,48,46,174,176,47,49,173,175,50,48,170,172,49,51
169,171,52,50,144,150,51,1,53,161,54,56,52,58,53,55,167,57,56,54,58,16
55,53,57,165,58,68,56,54,57,59,55,53,60,58,166,168,59,61,165,167,62,60
168,166,61,63,115,71,64,62,162,164,63,65,161,163,66,64,158,160,65,67,157
159,68,66,160,158,67,57,69,113,70,72,68,2,69,71,75,1,72,70,2,62,71,69,1
73,74,76,4,72,73,75,3,79,76,74,70,4,75,73,77,3,78,80,76,6,77,79,83,5,80
78,6,74,79,77,5,81,82,84,8,80,81,83,7,91,84,82,78,8,83,81,85,7,86,96,84
266,85,87,111,109,88,86,110,112,87,89,109,111,90,88,106,108,89,91,105,107
92,90,268,82,91,93,103,101,94,92,102,104,93,95,101,103,96,94,98,100,95
85,97,99,98,100,96,102,97,99,95,15,100,98,104,96,99,97,9,95,102,104,94
92,101,103,93,97,104,102,92,94,103,101,99,93,106,108,90,110,105,107,89
9,108,106,112,90,107,105,15,89,110,112,88,86,109,111,87,105,112,110,86
88,111,109,107,87,114,116,18,68,113,115,17,119,116,114,62,18,115,113,117
17,118,120,116,20,117,119,123,19,120,118,20,114,119,117,19,121,122,124
22,120,121,123,21,127,124,122,118,22,123,121,125,21,126,128,124,24,125
127,135,23,128,126,24,122,127,125,23,129,130,140,172,128,129,131,155,153
132,130,154,156,131,133,153,155,134,132,150,152,133,135,149,151,136,134
126,170,135,137,147,145,138,136,146,148,137,139,145,147,140,138,142,144
139,129,141,143,142,144,140,146,141,143,139,25,144,142,148,140,143,141
51,139,146,148,138,136,145,147,137,141,148,146,136,138,147,145,143,137
150,152,134,154,149,151,133,51,152,150,156,134,151,149,25,133,154,156,132
130,153,155,131,149,156,154,130,132,155,153,151,131,158,160,66,162,157
159,65,67,160,158,164,66,159,157,67,65,162,164,64,52,161,163,63,157,164
162,16,64,163,161,159,63,166,168,60,56,165,167,59,61,168,166,54,60,167
165,61,59,170,172,50,174,169,171,49,135,172,170,176,50,171,169,129,49,174
176,48,178,173,175,47,169,176,174,180,48,175,173,171,47,178,180,46,182
177,179,45,173,180,178,184,46,179,177,175,45,182,184,44,194,181,183,43
177,184,182,200,44,183,181,179,43,186,188,42,190,185,187,255,189,188,186
190,26,187,185,189,253,190,200,188,186,189,191,187,185,192,190,254,256
191,193,253,255,194,192,256,254,193,195,203,181,196,194,250,252,195,197
249,251,198,196,246,248,197,199,245,247,200,198,248,246,199,189,183,201
202,204,28,200,201,203,27,207,204,202,194,28,203,201,205,27,206,208,204
30,205,207,211,29,208,206,30,202,207,205,29,209,210,212,32,208,209,211
31,215,212,210,206,32,211,209,213,31,214,216,212,34,213,215,223,33,216
214,34,210,215,213,33,217,218,228,260,216,217,219,243,241,220,218,242,244
219,221,241,243,222,220,238,240,221,223,237,239,224,222,214,258,223,225
235,233,226,224,234,236,225,227,233,235,228,226,230,232,227,217,229,231
230,232,228,234,229,231,227,35,232,230,236,228,231,229,41,227,234,236,226
224,233,235,225,229,236,234,224,226,235,233,231,225,238,240,222,242,237
239,221,41,240,238,244,222,239,237,35,221,242,244,220,218,241,243,219,237
244,242,218,220,243,241,239,219,246,248,198,250,245,247,197,199,248,246
252,198,247,245,199,197,250,252,196,42,249,251,195,245,252,250,26,196,251
249,247,195,254,256,192,188,253,255,191,193,256,254,186,192,255,253,193
191,258,260,40,262,257,259,39,223,260,258,264,40,259,257,217,39,262,264
38,36,261,263,37,257,264,262,36,38,263,261,259,37,266,268,14,270,265,267
13,85,268,266,272,14,267,265,91,13,270,272,12,10,269,271,11,265,272,270
10,12,271,269,267,11
