2,8,22,34,1,3,25,35,4,2,62,44,3,5,61,43,6,4,40,46,5,7,39,11,8,6,52,18,7
1,9,61,10,16,8,20,9,11,51,19,12,10,50,6,11,13,27,53,14,12,42,52,13,15,41
51,16,14,48,26,15,9,17,55,18,22,16,62,17,19,47,7,20,18,46,10,19,21,43,9
22,20,26,58,21,17,1,23,24,30,34,22,23,25,59,57,26,24,2,56,25,27,21,15,28
26,12,38,27,29,57,31,30,28,36,60,29,23,31,59,32,34,30,28,31,33,35,37,34
32,60,36,33,31,23,1,36,40,32,2,35,37,29,33,38,36,56,32,37,39,53,27,40,38
6,50,39,35,5,41,42,44,14,40,41,43,13,47,44,42,20,4,43,41,45,3,46,48,44
54,45,47,19,5,48,46,18,42,47,45,15,49,50,54,58,48,49,51,11,39,52,50,10
14,51,53,7,13,54,52,38,12,53,49,55,45,56,58,54,16,55,57,37,25,58,56,28
24,57,55,49,21,60,62,24,30,59,61,33,29,62,60,4,8,61,59,3,17
