2,10,40,38,1,3,39,49,4,2,50,48,3,5,49,59,6,4,60,58,5,7,59,75,8,6,76,74
7,9,75,11,10,8,12,20,9,1,11,39,12,20,10,8,11,13,9,83,14,12,84,82,13,15
83,89,16,14,90,88,15,17,89,97,18,16,98,96,17,19,97,21,20,18,22,30,19,11
21,9,22,30,20,18,21,23,19,107,24,22,108,106,23,25,107,115,26,24,116,114
25,27,115,125,28,26,126,124,27,29,125,31,30,28,32,40,29,21,31,19,32,40
30,28,31,33,29,131,34,32,132,130,33,35,131,145,36,34,146,144,35,37,145
41,38,36,42,50,37,39,41,1,40,38,2,10,39,31,1,29,42,50,38,36,41,43,37,155
44,42,156,154,43,45,155,171,46,44,172,170,45,47,171,51,48,46,52,60,47,49
51,3,50,48,4,2,49,41,3,37,52,60,48,46,51,53,47,181,54,52,182,180,53,55
181,191,56,54,192,190,55,57,191,61,58,56,62,70,57,59,61,5,60,58,6,4,59
51,5,47,62,70,58,56,61,63,57,189,64,62,190,188,63,65,189,93,66,64,94,92
65,67,93,79,68,66,80,78,67,69,79,71,70,68,72,76,69,61,71,57,72,76,70,68
71,73,69,77,74,72,78,84,73,75,77,7,76,74,8,6,75,71,7,69,78,84,74,72,77
79,73,67,80,78,68,66,79,81,67,85,82,80,86,90,81,83,85,13,84,82,14,12,83
77,13,73,86,90,82,80,85,87,81,91,88,86,92,98,87,89,91,15,90,88,16,14,89
85,15,81,92,98,88,86,91,93,87,65,94,92,66,64,93,95,65,99,96,94,100,108
95,97,99,17,98,96,18,16,97,91,17,87,100,108,96,94,99,101,95,187,102,100
188,186,101,103,187,207,104,102,208,206,103,105,207,109,106,104,110,116
105,107,109,23,108,106,24,22,107,99,23,95,110,116,106,104,109,111,105,149
112,110,150,148,111,113,149,117,114,112,118,126,113,115,117,25,116,114
26,24,115,109,25,105,118,126,114,112,117,119,113,141,120,118,142,140,119
121,141,135,122,120,136,134,121,123,135,127,124,122,128,132,123,125,127
27,126,124,28,26,125,117,27,113,128,132,124,122,127,129,123,133,130,128
134,138,129,131,133,33,132,130,34,32,131,127,33,123,134,138,130,128,133
135,129,121,136,134,122,120,135,137,121,139,138,136,140,146,137,133,139
129,140,146,138,136,139,141,137,119,142,140,120,118,141,143,119,147,144
142,148,156,143,145,147,35,146,144,36,34,145,139,35,137,148,156,144,142
147,149,143,111,150,148,112,110,149,151,111,205,152,150,206,204,151,153
205,157,154,152,158,164,153,155,157,43,156,154,44,42,155,147,43,143,158
164,154,152,157,159,153,199,160,158,200,198,159,161,199,227,162,160,228
226,161,163,227,165,164,162,166,172,163,157,165,153,166,172,164,162,165
167,163,235,168,166,236,234,167,169,235,173,170,168,174,182,169,171,173
45,172,170,46,44,171,165,45,163,174,182,170,168,173,175,169,243,176,174
244,242,175,177,243,257,178,176,258,256,177,179,257,183,180,178,184,192
179,181,183,53,182,180,54,52,181,173,53,169,184,192,180,178,183,185,179
193,186,184,194,202,185,187,193,101,188,186,102,100,187,189,101,63,190
188,64,62,189,191,63,55,192,190,56,54,191,183,55,179,194,202,186,184,193
195,185,255,196,194,256,254,195,197,255,209,198,196,210,218,197,199,209
159,200,198,160,158,199,201,159,203,202,200,204,208,201,193,203,185,204
208,202,200,203,205,201,151,206,204,152,150,205,207,151,103,208,206,104
102,207,203,103,201,210,218,198,196,209,211,197,253,212,210,254,252,211
213,253,247,214,212,248,246,213,215,247,265,216,214,266,264,215,217,265
219,218,216,220,228,217,209,219,197,220,228,218,216,219,221,217,263,222
220,264,262,221,223,263,271,224,222,272,270,223,225,271,229,226,224,230
236,225,227,229,161,228,226,162,160,227,219,161,217,230,236,226,224,229
231,225,269,232,230,270,268,231,233,269,237,234,232,238,244,233,235,237
167,236,234,168,166,235,229,167,225,238,244,234,232,237,239,233,259,240
238,260,266,239,241,259,245,242,240,246,250,241,243,245,175,244,242,176
174,243,237,175,233,246,250,242,240,245,247,241,213,248,246,214,212,247
249,213,251,250,248,252,258,249,245,251,241,252,258,250,248,251,253,249
211,254,252,212,210,253,255,211,195,256,254,196,194,255,257,195,177,258
256,178,176,257,251,177,249,260,266,240,238,259,261,239,267,262,260,268
272,261,263,267,221,264,262,222,220,263,265,221,215,266,264,216,214,265
259,215,239,268,272,262,260,267,269,261,231,270,268,232,230,269,271,231
223,272,270,224,222,271,267,223,261

