2,10,30,28,1,3,29,49,4,2,50,48,3,5,49,69,6,4,70,68,5,7,69,87,8,6,88,86
7,9,87,11,10,8,12,20,9,1,11,29,12,20,10,8,11,13,9,93,14,12,94,92,13,15
93,103,16,14,104,102,15,17,103,111,18,16,112,110,17,19,111,21,20,18,22
30,19,11,21,9,22,30,20,18,21,23,19,109,24,22,110,108,23,25,109,127,26,24
128,126,25,27,127,31,28,26,32,40,27,29,31,1,30,28,2,10,29,21,1,19,32,40
28,26,31,33,27,125,34,32,126,124,33,35,125,143,36,34,144,142,35,37,143
161,38,36,162,160,37,39,161,41,40,38,42,50,39,31,41,27,42,50,40,38,41,43
39,159,44,42,160,158,43,45,159,177,46,44,178,176,45,47,177,51,48,46,52
60,47,49,51,3,50,48,4,2,49,41,3,39,52,60,48,46,51,53,47,175,54,52,176,174
53,55,175,195,56,54,196,194,55,57,195,213,58,56,214,212,57,59,213,61,60
58,62,70,59,51,61,47,62,70,60,58,61,63,59,211,64,62,212,210,63,65,211,221
66,64,222,220,65,67,221,71,68,66,72,80,67,69,71,5,70,68,6,4,69,61,5,59
72,80,68,66,71,73,67,219,74,72,220,218,73,75,219,239,76,74,240,238,75,77
239,249,78,76,250,248,77,79,249,81,80,78,82,88,79,71,81,67,82,88,80,78
81,83,79,259,84,82,260,258,83,85,259,89,86,84,90,94,85,87,89,7,88,86,8
6,87,81,7,79,90,94,86,84,89,91,85,95,92,90,96,104,91,93,95,13,94,92,14
12,93,89,13,85,96,104,92,90,95,97,91,257,98,96,258,256,97,99,257,267,100
98,268,266,99,101,267,105,102,100,106,112,101,103,105,15,104,102,16,14
103,95,15,91,106,112,102,100,105,107,101,113,108,106,114,118,107,109,113
23,110,108,24,22,109,111,23,17,112,110,18,16,111,105,17,101,114,118,108
106,113,115,107,265,116,114,266,264,115,117,265,119,118,116,120,128,117
113,119,107,120,128,118,116,119,121,117,263,122,120,264,262,121,123,263
129,124,122,130,138,123,125,129,33,126,124,34,32,125,127,33,25,128,126
26,24,127,119,25,117,130,138,124,122,129,131,123,253,132,130,254,252,131
133,253,277,134,132,278,276,133,135,277,147,136,134,148,146,135,137,147
139,138,136,140,144,137,129,139,123,140,144,138,136,139,141,137,145,142
140,146,152,141,143,145,35,144,142,36,34,143,139,35,137,146,152,142,140
145,147,141,135,148,146,136,134,147,149,135,287,150,148,288,286,149,151
287,153,152,150,154,162,151,145,153,141,154,162,152,150,153,155,151,297
156,154,298,296,155,157,297,163,158,156,164,168,157,159,163,43,160,158
44,42,159,161,43,37,162,160,38,36,161,153,37,151,164,168,158,156,163,165
157,295,166,164,296,294,165,167,295,169,168,166,170,178,167,163,169,157
170,178,168,166,169,171,167,293,172,170,294,292,171,173,293,179,174,172
180,186,173,175,179,53,176,174,54,52,175,177,53,45,178,176,46,44,177,169
45,167,180,186,174,172,179,181,173,291,182,180,292,290,181,183,291,303
184,182,304,302,183,185,303,187,186,184,188,196,185,179,187,173,188,196
186,184,187,189,185,301,190,188,302,300,189,191,301,281,192,190,282,280
191,193,281,197,194,192,198,204,193,195,197,55,196,194,56,54,195,187,55
185,198,204,194,192,197,199,193,273,200,198,274,272,199,201,273,319,202
200,320,318,201,203,319,205,204,202,206,214,203,197,205,193,206,214,204
202,205,207,203,225,208,206,226,224,207,209,225,215,210,208,216,222,209
211,215,63,212,210,64,62,211,213,63,57,214,212,58,56,213,205,57,203,216
222,210,208,215,217,209,223,218,216,224,232,217,219,223,73,220,218,74,72
219,221,73,65,222,220,66,64,221,215,65,209,224,232,218,216,223,225,217
207,226,224,208,206,225,227,207,317,228,226,318,316,227,229,317,311,230
228,312,310,229,231,311,233,232,230,234,240,231,223,233,217,234,240,232
230,233,235,231,309,236,234,310,308,235,237,309,241,238,236,242,250,237
239,241,75,240,238,76,74,239,233,75,231,242,250,238,236,241,243,237,307
244,242,308,306,243,245,307,269,246,244,270,278,245,247,269,251,248,246
252,260,247,249,251,77,250,248,78,76,249,241,77,237,252,260,248,246,251
253,247,131,254,252,132,130,253,255,131,261,256,254,262,268,255,257,261
97,258,256,98,96,257,259,97,83,260,258,84,82,259,251,83,247,262,268,256
254,261,263,255,121,264,262,122,120,263,265,121,115,266,264,116,114,265
267,115,99,268,266,100,98,267,261,99,255,270,278,246,244,269,271,245,305
272,270,306,314,271,273,305,199,274,272,200,198,273,275,199,279,276,274
280,288,275,277,279,133,278,276,134,132,277,269,133,245,280,288,276,274
279,281,275,191,282,280,192,190,281,283,191,299,284,282,300,304,283,285
299,289,286,284,290,298,285,287,289,149,288,286,150,148,287,279,149,275
290,298,286,284,289,291,285,181,292,290,182,180,291,293,181,171,294,292
172,170,293,295,171,165,296,294,166,164,295,297,165,155,298,296,156,154
297,289,155,285,300,304,284,282,299,301,283,189,302,300,190,188,301,303
189,183,304,302,184,182,303,299,183,283,306,314,272,270,305,307,271,243
308,306,244,242,307,309,243,235,310,308,236,234,309,311,235,229,312,310
230,228,311,313,229,315,314,312,316,320,313,305,315,271,316,320,314,312
315,317,313,227,318,316,228,226,317,319,227,201,320,318,202,200,319,315
201,313

