2,10,40,38,1,3,39,49,4,2,50,48,3,5,49,69,6,4,70,68,5,7,69,79,8,6,80,78
7,9,79,11,10,8,12,20,9,1,11,39,12,20,10,8,11,13,9,89,14,12,90,88,13,15
89,99,16,14,100,98,15,17,99,117,18,16,118,116,17,19,117,21,20,18,22,30
19,11,21,9,22,30,20,18,21,23,19,115,24,22,116,114,23,25,115,135,26,24,136
134,25,27,135,151,28,26,152,150,27,29,151,31,30,28,32,40,29,21,31,19,32
40,30,28,31,33,29,161,34,32,162,160,33,35,161,177,36,34,178,176,35,37,177
41,38,36,42,50,37,39,41,1,40,38,2,10,39,31,1,29,42,50,38,36,41,43,37,175
44,42,176,174,43,45,175,169,46,44,170,168,45,47,169,51,48,46,52,60,47,49
51,3,50,48,4,2,49,41,3,37,52,60,48,46,51,53,47,185,54,52,186,184,53,55
185,195,56,54,196,194,55,57,195,215,58,56,216,214,57,59,215,61,60,58,62
70,59,51,61,47,62,70,60,58,61,63,59,221,64,62,222,220,63,65,221,237,66
64,238,236,65,67,237,71,68,66,72,80,67,69,71,5,70,68,6,4,69,61,5,59,72
80,68,66,71,73,67,243,74,72,244,242,73,75,243,253,76,74,254,252,75,77,253
81,78,76,82,90,77,79,81,7,80,78,8,6,79,71,7,67,82,90,78,76,81,83,77,251
84,82,252,250,83,85,251,273,86,84,274,272,85,87,273,91,88,86,92,100,87
89,91,13,90,88,14,12,89,81,13,77,92,100,88,86,91,93,87,281,94,92,282,280
93,95,281,441,96,94,442,440,95,97,441,101,98,96,102,110,97,99,101,15,100
98,16,14,99,91,15,87,102,110,98,96,101,103,97,439,104,102,440,438,103,105
439,459,106,104,460,458,105,107,459,121,108,106,122,120,107,109,121,111
110,108,112,118,109,101,111,97,112,118,110,108,111,113,109,119,114,112
120,126,113,115,119,23,116,114,24,22,115,117,23,17,118,116,18,16,117,111
17,109,120,126,114,112,119,121,113,107,122,120,108,106,121,123,107,465
124,122,466,464,123,125,465,127,126,124,128,136,125,119,127,113,128,136
126,124,127,129,125,473,130,128,474,472,129,131,473,489,132,130,490,488
131,133,489,137,134,132,138,146,133,135,137,25,136,134,26,24,135,127,25
125,138,146,134,132,137,139,133,487,140,138,488,486,139,141,487,507,142
140,508,506,141,143,507,155,144,142,156,154,143,145,155,147,146,144,148
152,145,137,147,133,148,152,146,144,147,149,145,153,150,148,154,162,149
151,153,27,152,150,28,26,151,147,27,145,154,162,150,148,153,155,149,143
156,154,144,142,155,157,143,517,158,156,518,516,157,159,517,163,160,158
164,172,159,161,163,33,162,160,34,32,161,153,33,149,164,172,160,158,163
165,159,515,166,164,516,514,165,167,515,179,168,166,180,186,167,169,179
45,170,168,46,44,169,171,45,173,172,170,174,178,171,163,173,159,174,178
172,170,173,175,171,43,176,174,44,42,175,177,43,35,178,176,36,34,177,173
35,171,180,186,168,166,179,181,167,527,182,180,528,526,181,183,527,187
184,182,188,196,183,185,187,53,186,184,54,52,185,179,53,167,188,196,184
182,187,189,183,433,190,188,434,442,189,191,433,279,192,190,280,278,191
193,279,197,194,192,198,206,193,195,197,55,196,194,56,54,195,187,55,183
198,206,194,192,197,199,193,277,200,198,278,276,199,201,277,269,202,200
270,268,201,203,269,297,204,202,298,296,203,205,297,207,206,204,208,216
205,197,207,193,208,216,206,204,207,209,205,295,210,208,296,294,209,211
295,315,212,210,316,314,211,213,315,217,214,212,218,222,213,215,217,57
216,214,58,56,215,207,57,205,218,222,214,212,217,219,213,223,220,218,224
228,219,221,223,63,222,220,64,62,221,217,63,213,224,228,220,218,223,225
219,313,226,224,314,312,225,227,313,229,228,226,230,238,227,223,229,219
230,238,228,226,229,231,227,311,232,230,312,310,231,233,311,325,234,232
326,324,233,235,325,239,236,234,240,244,235,237,239,65,238,236,66,64,237
229,65,227,240,244,236,234,239,241,235,245,242,240,246,254,241,243,245
73,244,242,74,72,243,239,73,235,246,254,242,240,245,247,241,323,248,246
324,322,247,249,323,255,250,248,256,264,249,251,255,83,252,250,84,82,251
253,83,75,254,252,76,74,253,245,75,241,256,264,250,248,255,257,249,333
258,256,334,332,257,259,333,349,260,258,350,348,259,261,349,367,262,260
368,366,261,263,367,265,264,262,266,274,263,255,265,249,266,274,264,262
265,267,263,283,268,266,284,290,267,269,283,201,270,268,202,200,269,271
201,275,272,270,276,282,271,273,275,85,274,272,86,84,273,265,85,263,276
282,272,270,275,277,271,199,278,276,200,198,277,279,199,191,280,278,192
190,279,281,191,93,282,280,94,92,281,275,93,271,284,290,268,266,283,285
267,365,286,284,366,364,285,287,365,383,288,286,384,382,287,289,383,291
290,288,292,298,289,283,291,267,292,298,290,288,291,293,289,299,294,292
300,308,293,295,299,209,296,294,210,208,295,297,209,203,298,296,204,202
297,291,203,289,300,308,294,292,299,301,293,381,302,300,382,380,301,303
381,393,304,302,394,392,303,305,393,317,306,304,318,326,305,307,317,309
308,306,310,316,307,299,309,293,310,316,308,306,309,311,307,231,312,310
232,230,311,313,231,225,314,312,226,224,313,315,225,211,316,314,212,210
315,309,211,307,318,326,306,304,317,319,305,391,320,318,392,390,319,321
391,327,322,320,328,334,321,323,327,247,324,322,248,246,323,325,247,233
326,324,234,232,325,317,233,305,328,334,322,320,327,329,321,401,330,328
402,400,329,331,401,335,332,330,336,342,331,333,335,257,334,332,258,256
333,327,257,321,336,342,332,330,335,337,331,355,338,336,356,354,337,339
355,417,340,338,418,416,339,341,417,343,342,340,344,350,341,335,343,331
344,350,342,340,343,345,341,425,346,344,426,424,345,347,425,351,348,346
352,360,347,349,351,259,350,348,260,258,349,343,259,341,352,360,348,346
351,353,347,403,354,352,404,410,353,355,403,337,356,354,338,336,355,357
337,399,358,356,400,398,357,359,399,361,360,358,362,368,359,351,361,347
362,368,360,358,361,363,359,369,364,362,370,376,363,365,369,285,366,364
286,284,365,367,285,261,368,366,262,260,367,361,261,359,370,376,364,362
369,371,363,397,372,370,398,396,371,373,397,387,374,372,388,386,373,375
387,377,376,374,378,384,375,369,377,363,378,384,376,374,377,379,375,385
380,378,386,394,379,381,385,301,382,380,302,300,381,383,301,287,384,382
288,286,383,377,287,375,386,394,380,378,385,387,379,373,388,386,374,372
387,389,373,395,390,388,396,402,389,391,395,319,392,390,320,318,391,393
319,303,394,392,304,302,393,385,303,379,396,402,390,388,395,397,389,371
398,396,372,370,397,399,371,357,400,398,358,356,399,401,357,329,402,400
330,328,401,395,329,389,404,410,354,352,403,405,353,423,406,404,424,422
405,407,423,431,408,406,432,430,407,409,431,411,410,408,412,418,409,403
411,353,412,418,410,408,411,413,409,429,414,412,430,428,413,415,429,419
416,414,420,426,415,417,419,339,418,416,340,338,417,411,339,409,420,426
416,414,419,421,415,427,422,420,428,432,421,423,427,405,424,422,406,404
423,425,405,345,426,424,346,344,425,419,345,415,428,432,422,420,427,429
421,413,430,428,414,412,429,431,413,407,432,430,408,406,431,427,407,421
434,442,190,188,433,435,189,525,436,434,526,524,435,437,525,443,438,436
444,452,437,439,443,103,440,438,104,102,439,441,103,95,442,440,96,94,441
433,95,189,444,452,438,436,443,445,437,537,446,444,538,536,445,447,537
495,448,446,496,494,447,449,495,477,450,448,478,476,449,451,477,453,452
450,454,460,451,443,453,437,454,460,452,450,453,455,451,469,456,454,470
468,455,457,469,461,458,456,462,466,457,459,461,105,460,458,106,104,459
453,105,451,462,466,458,456,461,463,457,467,464,462,468,474,463,465,467
123,466,464,124,122,465,461,123,457,468,474,464,462,467,469,463,455,470
468,456,454,469,471,455,475,472,470,476,482,471,473,475,129,474,472,130
128,473,467,129,463,476,482,472,470,475,477,471,449,478,476,450,448,477
479,449,493,480,478,494,492,479,481,493,483,482,480,484,490,481,475,483
471,484,490,482,480,483,485,481,491,486,484,492,498,485,487,491,139,488
486,140,138,487,489,139,131,490,488,132,130,489,483,131,481,492,498,486
484,491,493,485,479,494,492,480,478,493,495,479,447,496,494,448,446,495
497,447,499,498,496,500,508,497,491,499,485,500,508,498,496,499,501,497
535,502,500,536,534,501,503,535,557,504,502,558,556,503,505,557,509,506
504,510,518,505,507,509,141,508,506,142,140,507,499,141,497,510,518,506
504,509,511,505,555,512,510,556,554,511,513,555,519,514,512,520,528,513
515,519,165,516,514,166,164,515,517,165,157,518,516,158,156,517,509,157
505,520,528,514,512,519,521,513,567,522,520,568,566,521,523,567,529,524
522,530,538,523,525,529,435,526,524,436,434,525,527,435,181,528,526,182
180,527,519,181,513,530,538,524,522,529,531,523,565,532,530,566,564,531
533,565,539,534,532,540,548,533,535,539,501,536,534,502,500,535,537,501
445,538,536,446,444,537,529,445,523,540,548,534,532,539,541,533,563,542
540,564,562,541,543,563,573,544,542,574,572,543,545,573,579,546,544,580
578,545,547,579,549,548,546,550,558,547,539,549,533,550,558,548,546,549
551,547,577,552,550,578,576,551,553,577,559,554,552,560,568,553,555,559
511,556,554,512,510,555,557,511,503,558,556,504,502,557,549,503,547,560
568,554,552,559,561,553,569,562,560,570,574,561,563,569,541,564,562,542
540,563,565,541,531,566,564,532,530,565,567,531,521,568,566,522,520,567
559,521,553,570,574,562,560,569,571,561,575,572,570,576,580,571,573,575
543,574,572,544,542,573,569,543,561,576,580,572,570,575,577,571,551,578
576,552,550,577,579,551,545,580,578,546,544,579,575,545,571

